1952 5.78
1953 6.1
1954 6.28
1955 6.83
1956 5.85
1957 5.52
1958 6.75
1959 7.21
1960 6.64
1961 7.22
1962 6.42
1963 6.66
1964 6.92
1965 5.5
1966 5.28
1967 5.43
1968 5.66
1969 5.29
1970 5.53
1971 5.74
1972 5.81
1973 6.47
1974 5.63
1975 6.7
1976 5.82
1977 6.47
1978 6.33
1979 5.93
1980 5.97
1981 7.16
1982 7.54
1983 7.8
1984 6.73
1985 6.77
1986 6.94
1987 7.29
1988 7.9
1989 8.17
1990 7.99
1991 7.73
1992 7.88
1993 7.98
1994 8.85
1995 8.47
1996 8.2
1997 7.92
1998 8.3
1999 7.93
2000 7.64
2001 7.72
2002 7.95
2003 8.19
2004 8.88
2005 8.48
2006 8.86
2007 9.34
2008 8.68
2009 8.42
2010 8.12
2011 8.61
2012 8.1
2013 8.13
2014 9.14
2015 8.9
