1952 10.93
1953 11.03
1954 11.05
1955 11.78
1956 10.47
1957 10.88
1958 11.89
1959 12.06
1960 12.03
1961 12.77
1962 12.35
1963 12.28
1964 11.54
1965 11.72
1966 11.03
1967 11.1
1968 11.61
1969 10.5
1970 10.91
1971 11.21
1972 11.39
1973 11.49
1974 11.1
1975 12.22
1976 10.84
1977 11.56
1978 11.61
1979 11.08
1980 11.04
1981 12.33
1982 12.8
1983 12.98
1984 11.9
1985 11.53
1986 12.12
1987 12.25
1988 12.7
1989 13.19
1990 12.69
1991 12.51
1992 12.84
1993 12.95
1994 13.69
1995 13.33
1996 12.74
1997 13.05
1998 13.11
1999 13.13
2000 12.83
2001 12.88
2002 13.15
2003 12.92
2004 13.53
2005 13.19
2006 13.42
2007 14.01
2008 13.38
2009 13.25
2010 12.56
2011 13.4
2012 12.85
2013 12.82
2014 14.07
2015 13.7
