1952 17.81
1953 17.6
1954 16.85
1955 17.59
1956 15.85
1957 16.97
1958 17.7
1959 17.59
1960 18.07
1961 18.75
1962 18.57
1963 18.44
1964 16.69
1965 18.86
1966 17.44
1967 17.39
1968 18.22
1969 16.07
1970 16.87
1971 17.26
1972 17.47
1973 17.08
1974 17.09
1975 18.36
1976 16.54
1977 17.32
1978 17.57
1979 17.09
1980 16.93
1981 18.07
1982 18.71
1983 18.88
1984 17.4
1985 16.7
1986 17.71
1987 17.76
1988 18.06
1989 18.6
1990 17.9
1991 17.62
1992 18.23
1993 18.23
1994 18.99
1995 18.7
1996 17.85
1997 18.45
1998 18.43
1999 18.61
2000 18.25
2001 18.18
2002 18.67
2003 17.99
2004 18.75
2005 18.46
2006 18.65
2007 19.25
2008 18.62
2009 18.67
2010 17.53
2011 18.5
2012 17.88
2013 18.02
2014 19.43
2015 18.94
