1952 557.04
1953 657.6
1954 960.96
1955 931.44
1956 1115.16
1957 486.84
1958 691.44
1959 1404.6
1960 526.44
1961 599.52
1962 366.84
1963 775.44
1964 817.2
1965 261.36
1966 526.68
1967 592.44
1968 386.52
1969 912.96
1970 597
1971 510.96
1972 374.04
1973 698.04
1974 474.48
1975 391.2
1976 682.8
1977 778.92
1978 664.32
1979 718.2
1980 380.76
1981 393.24
1982 544.44
1983 489.84
1984 488.76
1985 720.96
1986 665.28
1987 683.88
1988 673.32
1989 442.2
1990 697.32
1991 747.96
1992 541.44
1993 506.76
1994 813.24
1995 572.52
1996 700.92
1997 430.92
1998 731.76
1999 266.88
2000 371.16
2001 338.88
2002 370.44
2003 444.96
2004 483.48
2005 410.76
2006 318
2007 483.96
2008 626.28
2009 480.6
2010 522.48
2011 720.6
2012 733.2
2013 579.12
2014 461.52
2015 458.64
