1952 18.96
1953 18.96
1954 18.58
1955 18.37
1956 18.66
1957 18.48
1958 18.57
1959 18.82
1960 18.99
1961 18.78
1962 18.1
1963 18.48
1964 18.89
1965 18.98
1966 19.13
1967 18.06
1968 18.36
1969 17.95
1970 18.38
1971 17.87
1972 18.55
1973 19.02
1974 18.12
1975 18.75
1976 18.14
1977 18.61
1978 18.81
1979 18.6
1980 18.92
1981 18.93
1982 18.9
1983 18.64
1984 18.29
1985 18.75
1986 18.7
1987 19.65
1988 18.62
1989 19.12
1990 19.58
1991 19.72
1992 18.92
1993 19.25
1994 20.2
1995 19.69
1996 18.56
1997 19.07
1998 19.76
1999 19.11
2000 19.12
2001 19.33
2002 19.82
2003 19.52
2004 19.39
2005 19.78
2006 20.09
2007 20.09
2008 19.39
2009 19.85
2010 19.62
2011 18.01
2012 18.68
2013 18.48
2014 18.43
2015 19.23
