1952 26.97
1953 25.82
1954 26.01
1955 26.39
1956 25.91
1957 25.68
1958 26.5
1959 26.48
1960 26.48
1961 26.18
1962 26.25
1963 27.01
1964 26.31
1965 26.35
1966 27.24
1967 26.06
1968 26.36
1969 25.82
1970 25.86
1971 26.26
1972 25.92
1973 26.36
1974 26.15
1975 25.93
1976 25.54
1977 26.7
1978 25.84
1979 26.02
1980 26.48
1981 26.25
1982 26.06
1983 25.77
1984 25.34
1985 25.65
1986 26.68
1987 26.92
1988 26.22
1989 26.73
1990 26.93
1991 27.02
1992 26.24
1993 26.28
1994 26.77
1995 26.21
1996 25.98
1997 26.23
1998 27.11
1999 27.12
2000 26.73
2001 26.95
2002 27.27
2003 27.67
2004 27.77
2005 27.04
2006 27.67
2007 27.69
2008 26.83
2009 27.32
2010 26.64
2011 26.57
2012 26.28
2013 26.29
2014 26.74
2015 26.96
