1952 22.09
1953 21.57
1954 21.85
1955 21.84
1956 21.68
1957 21.46
1958 21.77
1959 21.86
1960 22.06
1961 22
1962 21.62
1963 22.07
1964 21.93
1965 21.93
1966 22.57
1967 21.5
1968 21.74
1969 21.24
1970 21.39
1971 21.47
1972 21.72
1973 22.19
1974 21.61
1975 21.73
1976 21.31
1977 22
1978 21.77
1979 21.81
1980 22.2
1981 22.04
1982 21.93
1983 21.6
1984 21.26
1985 21.62
1986 22.11
1987 22.64
1988 21.72
1989 22.27
1990 22.64
1991 22.78
1992 22.01
1993 22.22
1994 22.88
1995 22.27
1996 21.63
1997 21.97
1998 22.84
1999 22.52
2000 22.48
2001 22.55
2002 22.98
2003 23
2004 22.83
2005 22.77
2006 23.2
2007 23.21
2008 22.45
2009 22.98
2010 22.53
2011 21.43
2012 21.67
2013 21.54
2014 21.69
2015 22.25
