1952 1736.64
1953 2026.8
1954 1688.64
1955 1921.44
1956 1158
1957 1988.16
1958 1271.4
1959 2235.36
1960 1410.24
1961 2180.04
1962 1520.04
1963 1339.8
1964 1774.56
1965 2330.64
1966 1363.68
1967 1464.36
1968 1319.28
1969 1451.4
1970 1469.16
1971 1520.76
1972 1925.16
1973 1919.88
1974 1462.68
1975 2516.64
1976 1614.84
1977 1391.64
1978 1644.84
1979 1719.72
1980 1492.2
1981 2219.64
1982 1571.76
1983 2165.76
1984 1242.96
1985 1706.04
1986 1372.08
1987 1897.56
1988 1982.64
1989 1638.36
1990 1239.48
1991 1355.76
1992 1853.4
1993 2253.6
1994 1787.04
1995 1752.36
1996 1683.36
1997 1997.28
1998 1736.16
1999 1620.36
2000 1798.92
2001 2678.88
2002 1866.72
2003 1338.72
2004 1636.56
2005 1986.24
2006 2175.72
2007 1370.28
2008 2283.96
2009 1472.64
2010 2353.56
2011 1632.36
2012 1813.92
2013 2095.44
2014 2234.04
2015 2471.88
