1952 -1.73
1953 0.23
1954 -1.21
1955 0.13
1956 0.13
1957 0.78
1958 0.93
1959 0.42
1960 -0.09
1961 2.44
1962 3.29
1963 3.8
1964 1.79
1965 3.31
1966 2.6
1967 1.55
1968 2.7
1969 1.55
1970 2.3
1971 2.83
1972 2.37
1973 3.27
1974 2.68
1975 2.92
1976 0.78
1977 1.9
1978 2.17
1979 1.34
1980 1.81
1981 2.02
1982 3
1983 3.06
1984 0.23
1985 0.85
1986 1.76
1987 1.78
1988 1.68
1989 2.51
1990 2.83
1991 2.9
1992 2.03
1993 1.52
1994 2.35
1995 3.14
1996 2.28
1997 4.12
1998 3.33
1999 3.64
2000 3.02
2001 3.39
2002 4.01
2003 2.67
2004 3.95
2005 3.46
2006 4.38
2007 4.41
2008 4.56
2009 3.84
2010 3.36
2011 3.51
2012 3.26
2013 4.57
2014 3.22
2015 4.75
