1952 297.72
1953 311.16
1954 274.68
1955 264.96
1956 265.56
1957 238.2
1958 401.04
1959 362.28
1960 267.96
1961 182.16
1962 145.92
1963 253.44
1964 225.36
1965 152.64
1966 240.84
1967 159
1968 146.64
1969 218.64
1970 221.04
1971 227.76
1972 243.36
1973 156.24
1974 131.28
1975 224.76
1976 247.44
1977 160.56
1978 273.36
1979 325.44
1980 239.76
1981 242.64
1982 243.12
1983 276.96
1984 344.88
1985 242.88
1986 253.08
1987 363.36
1988 373.44
1989 262.2
1990 291.6
1991 177.84
1992 348.36
1993 300
1994 311.4
1995 240.72
1996 390.96
1997 159.84
1998 419.16
1999 336.36
2000 332.28
2001 277.68
2002 342.84
2003 369.96
2004 314.16
2005 276.36
2006 235.92
2007 419.52
2008 171.84
2009 353.16
2010 282.36
2011 344.52
2012 286.92
2013 300.84
2014 297
2015 408.96
