1952 9.83
1953 11.68
1954 9.87
1955 11.66
1956 11.22
1957 11.88
1958 11.05
1959 10.74
1960 10.68
1961 13.72
1962 14.14
1963 14.57
1964 12.25
1965 13.79
1966 12.93
1967 12.36
1968 13.55
1969 11.73
1970 13.11
1971 13.29
1972 12.51
1973 13.32
1974 13.36
1975 13.23
1976 11.32
1977 12.72
1978 13.07
1979 12.07
1980 12.07
1981 12.26
1982 13.35
1983 13.42
1984 10.62
1985 12.07
1986 12.23
1987 12.01
1988 11.88
1989 12.67
1990 13.35
1991 13.27
1992 12.41
1993 11.63
1994 12.32
1995 13.17
1996 12.13
1997 14.49
1998 13.28
1999 13.28
2000 12.47
2001 13.1
2002 13.25
2003 11.85
2004 13.2
2005 12.64
2006 14.03
2007 13.97
2008 14.09
2009 13.36
2010 12.88
2011 12.08
2012 12.52
2013 13.97
2014 12.66
2015 13.91
