1952 3.25
1953 5.12
1954 4.08
1955 5.7
1956 5.2
1957 5.86
1958 5.57
1959 5.13
1960 4.94
1961 7.38
1962 8.19
1963 8.59
1964 6.58
1965 8.01
1966 7.08
1967 6.32
1968 7.42
1969 5.95
1970 6.98
1971 7.44
1972 6.88
1973 7.7
1974 7.36
1975 7.4
1976 5.52
1977 6.8
1978 7.05
1979 6.1
1980 6.47
1981 6.61
1982 7.62
1983 7.79
1984 5.02
1985 6.03
1986 6.61
1987 6.41
1988 6.33
1989 7.16
1990 7.6
1991 7.65
1992 6.68
1993 6.13
1994 6.83
1995 7.71
1996 6.7
1997 8.83
1998 7.83
1999 7.97
2000 7.26
2001 7.71
2002 8.1
2003 6.77
2004 7.98
2005 7.53
2006 8.59
2007 8.48
2008 8.7
2009 7.97
2010 7.39
2011 7.29
2012 7.39
2013 8.69
2014 7.37
2015 8.78
